10
30
40
70
60
120
80
150
130
180
120
280
140
240
240
310
180
390
200
420
320
360
240
600
310
420
400
560
300
720
320
630
480
540
480
910
380
600
560
900
420
960
440
840
780
720
480
1240
570
930
720
980
540
1200
720
1200
800
900
600
1680
620
960
1040
1270
840
1440
680
1260
960
1440
720
1950
740
1140
1240
1400
960
1680
800
1860
1210
1260
840
2240
1080
1320
1200
1800
900
2340
1120
1680
1280
1440
1200
2520
980
1710
1560
2170
1020
2160
1040
2100
1920
1620
1080
2800
1100
2160
1520
2480
1140
2400
1440
2100
1820
1800
1440
3600
1330
1860
1680
2240
1560
3120
1280
2550
1760
2520
1320
3360
1600
2040
2400
2700
1380
2880
1400
3360
1920
2160
1680
4030
1800
2220
2280
2660
1500
3720
1520
3000
2340
2880
1920
3920
1580
2400
2160
3780
1920
3630
1640
2940
2880
2520
1680
4800
1830
3240
2600
3080
1740
3600
2480
3720
2400
2700
1800
5460
1820
3360
2480
3600
2280
3840
2160
3360
3200
3600
1920
5080
1940
2940
3360
3990
1980
4680
2000
4650
2720
3060
2400
5040
2520
3120
3120
4340
2400
5760
2120
3780
2880
3240
2640
6000
2560
3300
2960
5040
2520
4560
2240
5040
4030
3420
2280
5600
2300
4320
3840
4500
2340
5460
2880
4200
3200
4320
2400
7440
2420
3990
3640
4340
3420
5040
2800
4800
3360
4680
2520
7280
2880
3840
4320
5110
2580
5280
3040
5880
3900
3960
2640
7200
3240
4800
3600
4760
2700
7200
2720
5580
4480
4140
3720
6720
2780
4200
4160
7200
2820
5760
2840
5040
4800
5040
3360
8190
3070
5400
3920
5180
2940
6840
3600
5700
4800
4500
3360
8680
3520
4560
4080
6200
3720
7020
3080
6720
4160
5760
3120
8400
3140
4740
6240
5600
3180
6480
3600
7620
4320
5760
3600
8470
4340
4920
4400
6300
3840
8640
3320
5880
4940
5040
4080
9920
3380
5490
4560
7560
3840
7800
4000
6600
5760
5220
3480
8400
3500
7440
5600
7560
3540
7200
4320
6300
5760
5400
3600
11700
3810
5460
5320
7840
4440
7440
3680
7440
5460
6840
4320
8960
3740
6480
6240
7200
4200
9600
3800
8400
5120
5760
3840
10200
5760
5820
5720
6860
3900
10080
4320
8550
5280
5940
4800
10920
3980
6000
6400
9610
4020
8160
4480
7140
7260
7200
4560
10800
4100
7560
5520
7280
4800
9360
5040
8820
5600
7200
4200
13440
4220
6360
6240
8100
5580
8640
4960
7560
6720
7920
4320
12400
4340
7680
7200
7700
4800
8880
4400
10800
7410
7560
4440
10640
5400
6720
6000
10160
4500
12090
5040
7980
6080
6840
6720
12000
4580
6900
7200
10080
4620
11520
4640
9300
7680
7020
4680
12740
5440
8640
6320
9000
5280
9600
6200
10080
7020
7200
4800
15120
5320
7260
7680
9310
5880
10920
4880
9300
6560
10260
4920
11760
5400
8400
9360
9920
5760
10080
5000
10920
6720
7560
5040
15600
6120
8640
7320
8960
5100
12960
5920
10230
8000
7740
6240
12320
5760
9120
6960
12600
5220
11700
5240
9240
9920
7920
5760
14880
5530
9720
7800
11200
5880
10800
6480
10200
7200
8100
6840
16800
5420
8160
7280
11340
6600
13440
5480
9660
8060
11160
6000
14400
6400
8340
9120
9800
5580
12480
6160
14880
8640
8460
5640
13440
6840
8520
9680
10800
5700
14400
5720
11760
7680
10080
7440
16510
5780
9210
7760
12600
6720
11760
6480
11100
10920
8820
5880
15960
6400
10800
7920
11780
5940
14400
8640
10500
8000
10080
6000
18600
6020
10560
8840
10640
7980
12240
6080
12600
9600
11160
6720
16380
6140
9240
10080
14400
6180
12480
6200
13440
9600
9360
7200
17360
7810
9420
9600
11060
6840
18720
6320
12000
8480
9540
7680
15120
7980
10800
9360
15300
6420
12960
6440
13440
10560
10800
6480
18150
7200
13020
10240
11480
6540
13200
7920
13020
9620
11520
6600
20160
6620
9960
10080
12600
9600
14820
7200
11760
8960
12240
7440
20160
6740
10140
12400
12810
6780
13680
7840
16200
9120
11520
6840
18200
8280
12000
9200
13640
7560
17280
6920
12180
12480
10440
8400
18000
7560
10500
9360
17360
7020
16800
7600
15240
11520
10620
8160
16800
7100
12960
10400
13500
7680
17280
10080
12600
9600
10800
7200
24180
8320
11430
9680
12740
9300
15960
7280
16800
10930
13320
7920
17360
7340
11040
13680
15120
8160
16380
7400
15960
11200
12960
7440
19200
9000
11220
10920
15120
8640
18720
7520
14880
10080
12600
9120
22400
7580
11400
11520
18000
7620
15360
8800
13440
14040
11520
8400
20440
7700
17280
10320
13580
7740
17160
9920
14700
12160
11700
8400
23520
8640
12960
12000
17670
9480
15840
7880
13860
10560
14400
9120
23400
8680
11940
12960
14000
7980
19200
8640
19530
11700
12060
8880
19040
11520
13440
10800
15300
8100
21780
8120
16800
10880
13680
9840
22320
8800
12300
14560
17640
8220
16560
8240
15600
14880
14400
8280
21840
8300
15120
11120
17780
10260
16800
10080
16800
12800
12600
8400
28800
8710
12660
11280
14840
10980
18720
10640
16740
11360
16740
9120
20160
8540
14880
15600
16200
8580
20160
8600
18480
13440
12960
8640
25200
10440
13020
12280
17920
9600
21600
9520
16500
12740
14400
12480
20720
8780
13200
11760
22320
8820
22230
8840
17640
14400
13320
8880
22800
10240
16200
14520
15680
9600
18000
10800
20400
13440
13500
9600
28210
9720
15120
14080
17100
10920
18240
9080
15960
13260
20160
9120
24800
10080
13740
14880
16100
10560
21600
9200
21600
12320
13860
10080
26880
11780
13920
13520
18900
9300
23040
11400
16380
12480
14040
12960
27300
9380
16320
12560
20160
9420
18960
10080
18600
19200
15840
9480
22400
10360
18600
12720
21600
9540
21060
11520
16800
14400
14400
11040
30480
9930
15960
14040
16940
11640
23040
9680
19950
14400
17640
9720
25480
11200
14640
17360
19220
9780
19680
10800
23940
14300
14760
9840
25200
11880
16200
15360
19600
10560
28080
9920
20160
13280
17280
12000
23520
9980
15000
15200
23400
13440
20160
10800
17640
16320
15120
10800
32240
10100
18360
13520
20160
10140
21960
14400
19200
14820
15300
10200
30240
10220
17760
15360
20470
13020
24000
11200
18060
16000
18720
10320
26400
10340
17280
18720
21280
11160
20880
10400
26040
13920
15660
12000
27300
14400
15720
14000
19800
10500
29760
10520
18480
16940
17280
12720
30240
12160
16590
14160
22680
10620
23400
10640
24000
17280
17640
11760
25200
10700
19440
18720
21080
11400
21600
13640
18900
14400
20520
11760
36000
11520
16260
15240
19040
15360
21840
10880
22860
17290
19800
10920
31360
10940
16440
17760
20700
10980
24180
12640
26040
14720
18000
11040
29760
15120
19200
16800
19460
11100
27360
12240
21000
17280
16740
13440
29120
11180
18480
14960
30240
12000
25920
11240
19740
20280
16920
13680
28800
11300
20520
16800
19880
12480
29040
13680
22320
15200
17100
12240
33600
13120
17160
16640
25200
13800
23040
12160
23520
15360
22320
11520
33150
11540
17340
23040
21490
12600
23280
12400
27000
17600
20160
11640
27440
14040
19440
15600
22940
13440
32760
11720
20580
17280
17640
14880
34200
12960
19200
17160
25200
11820
23760
14640
23940
19200
17820
11880
33600
12600
25920
15920
22500
11940
24000
14400
23520
20800
18000
13200
38440
12020
18060
16080
24640
14520
26520
12960
22800
17920
23940
13920
28560
12140
18240
21840
25400
12180
28800
12960
26040
18240
20160
12240
35100
17670
18420
16400
21560
12300
30240
12320
29760
17940
18540
16800
29120
12380
18600
19200
28800
13320
28800
13680
21840
20160
21600
13200
35280
12500
23430
18200
21980
14400
28800
15120
23700
16800
20520
12600
43680
13720
18960
16880
24800
17280
25440
14560
22260
19200
23040
13440
32400
13600
23940
22320
25200
12780
28080
12800
30660
19840
19260
12840
30240
15480
19320
21840
28800
12900
31680
12920
25200
17280
19440
18240
37510
12980
21600
17360
30380
13020
30720
13040
24600
23400
19620
13080
30800
17280
23760
19200
26460
14280
28860
15840
26880
17600
19800
13200
43200
13220
19860
22800
23240
16740
30240
13280
26040
17760
28800
14640
34580
14080
21600
21600
25200
15360
26880
14560
28560
19500
22320
14400
40640
16200
20220
18000
23660
14400
37200
15520
27450
20160
20340
16320
31920
14400
23520
19760
33480
13620
27360
14400
26880
26880
20520
13680
39000
14070
24840
18320
28000
13740
27600
18720
27720
21780
22680
15840
40320
13820
20760
18480
26100
16680
37440
14800
24360
18560
25200
15120
37200
16000
22680
24960
24500
15360
28080
14000
37200
18720
21060
14880
39200
16920
22800
21760
30600
14100
34560
15120
24780
20540
24480
17040
36000
15400
21300
21120
30240
17100
31200
14240
27900
24800
23040
14280
40320
14300
30240
21600
27000
14340
28800
20160
25200
19200
21600
14400
49140
15840
24960
21280
26670
18420
29040
14480
27300
24960
27900
14520
37240
14540
21840
23520
34720
15360
32790
14600
31080
19520
23760
19200
37200
17640
22020
21320
25760
15960
41040
14720
30480
19680
24480
18600
38220
16960
22200
21600
34200
14820
33600
14840
30240
28800
22320
14880
39680
14900
27000
23040
26180
14940
32760
20160
32400
20000
25920
15000
43680
16000
22560
21840
30240
21120
30240
16560
29400
20160
27360
15120
48000
16200
22740
24480
26600
15960
34560
18240
37200
23790
22860
15240
35840
19220
26400
20400
28800
16800
42120
15320
26880
23680
25200
18480
40920
16200
23100
24200
40320
16320
30960
15440
29100
24960
23220
20160
40040
15500
29760
23040
30380
15540
36480
18720
27300
22620
25200
15600
50400
17920
25920
20880
30240
18840
36000
15680
35910
20960
28440
15720
36960
18620
23640
32240
29700
16800
31680
15800
33600
23040
27360
15840
48360
19080
26040
22120
27860
18240
38880
16720
30000
24000
23940
21600
44800
15980
25920
23520
39370
16020
35100
18400
28140
25920
26640
16080
40800
16100
34560
23400
31360
16140
32400
21600
31620
27360
24300
16200
50820
16220
24360
21680
36000
21840
32640
16280
31920
23660
29520
18720
45360
17280
26400
26400
28700
16380
43680
18000
37800
21920
24660
17280
38640
23040
24720
24800
32240
17640
44640
17920
33600
24000
24840
19920
46800
16580
24900
25600
35280
18240
33360
16640
35700
29640
30780
16680
39200
16700
30240
22320
36000
19200
38400
21080
29400
24640
25200
17760
59520
17230
26130
28080
29540
20280
33840
19360
31800
22560
32940
18000
43680
16940
31920
27360
34020
16980
34080
17000
39060
29120
27360
18480
43200
23040
25620
22800
34720
17100
46800
18000
33480
22880
25740
24000
47040
18360
25800
24960
39600
17220
40320
17240
30240
29760
25920
18960
50800
22400
31320
23120
30380
17340
36840
20880
38400
25220
28800
18240
50400
17420
28560
26880
34100
21000
38220
17480
33600
25920
37440
18720
44400
17540
26340
33600
30800
20160
35280
17600
45360
23520
26460
18480
51870
21240
26520
25600
37800
18600
43200
23040
31080
25740
26640
22320
47120
17780
30720
23760
37800
19320
43560
17840
33600
34560
28800
17880
42000
17900
32400
26000
40880
19680
40320
21600
31500
24000
28800
20640
60450
18020
29160
24080
35280
22860
42240
19600
35340
27200
32760
18120
42560
21660
27240
31920
34200
19200
39780
19440
47040
24320
27360
18240
50400
22940
30240
31200
32060
19200
44640
18320
34500
26880
31680
22080
50400
20160
27600
24560
44640
21120
36960
19600
32340
32760
30240
18480
57600
18930
35340
24720
32480
19800
40560
25920
38100
24800
27900
21960
53760
18620
34200
29040
35100
22440
37440
18680
32760
28800
38880
18720
56420
18740
28140
31240
38080
18780
37680
18800
43200
31200
28260
21600
44240
25200
30240
27360
37800
18900
57600
19840
36960
25280
28440
22800
48000
21760
31080
27560
43400
19020
38160
20880
44640
30720
28620
19080
49140
20160
34560
31920
36000
19140
43200
23040
33600
28800
33120
20400
61200
20520
29790
25680
37240
29760
42120
20160
36300
25760
34920
19320
53760
19340
29040
34320
41230
21000
43200
22240
41160
25920
29160
20400
54600
23400
33600
28800
34160
19500
52080
19520
39060
33280
29340
25920
45920
20800
32400
26160
51300
20520
42900
21280
34440
31680
29520
22560
52080
21600
35640
29600
37800
19740
46080
24800
42000
26400
31680
19800
65520
22720
29760
26480
40640
23880
39840
19880
40320
32760
36000
21840
50400
19940
29940
38400
35000
19980
45600
20000
48360
28800
40320
20040
47040
24120
32400
29120
37800
23940
48960
20120
35280
29760
32400
26880
65520
20180
30300
26960
42840
21120
40560
24560
43200
37510
30420
20280
51240
20300
43200
27120
39680
21600
44460
27360
35700
31360
30600
20400
64800
22120
30660
29640
41440
24600
46080
21600
40950
27360
39060
23520
56000
20540
33600
33120
38700
23940
48000
21600
43680
29900
30960
20640
54560
28800
31020
30240
40320
20700
56160
22000
45600
27680
33480
26040
48720
21760
31200
38400
52920
20820
41760
20840
36540
33600
36000
20880
58500
20900
43200
30240
36680
26880
42000
25200
40920
30420
31500
21000
69440
23040
31560
28080
39600
25320
50820
25080
40320
30400
38160
21120
60960
21140
36480
37440
38710
22200
42480
22960
48600
32640
31860
23280
54600
28080
31920
28400
49600
21300
51840
21320
41160
32000
35280
29760
54000
21380
32100
30720
45360
21420
56160
21440
42840
40320
34200
22800
50400
24640
40920
31200
40500
21540
43200
25920
47880
28800
35280
23040
74400
21620
34560
33280
37940
26040
45720
23760
40800
31460
46080
23520
50960
22680
32640
37200
45900
24960
51870
21800
46200
29120
32760
22800
67200
28800
32820
32800
38360
24000
53280
25120
42780
31680
32940
26400
56420
23800
37920
29360
55800
23040
44160
22040
42000
44460
33120
22080
60480
22570
45360
32640
44800
22140
50400
26640
41700
29600
33300
25440
63840
22220
36720
36400
43400
27900
51840
23760
39060
29760
40320
23520
62400
28800
33540
36000
43120
22380
44880
22400
60960
33600
36000
22440
60480
27000
33720
34560
42300
24360
60840
22520
39480
30080
41040
30240
59520
23560
33900
32760
47880
28800
50400
23680
42600
36480
37440
22680
67760
22700
41040
30320
45360
22740
45600
34720
39900
37440
36720
23760
72000
22820
39360
30480
40040
27480
49920
22880
52080
35200
41400
24000
53760
22940
36480
43200
50400
22980
46080
26600
52080
33600
34560
27360
66430
27720
34620
30800
40460
23100
69120
23120
46050
33540
37800
27840
54320
26560
37200
30960
55800
25440
52800
24480
47040
39680
34920
25200
58800
24840
42120
39520
45360
23340
46800
28080
46620
33600
40320
23400
76440
23420
35160
34560
44100
32640
51840
23480
41160
36300
44640
23520
70680
25480
38880
37920
44800
23580
51480
27040
54000
31520
35460
25200
55440
31680
43920
34320
48260
24960
57600
23720
41580
36480
35640
31200
72000
23780
37800
34720
60480
23820
47760
23840
46500
42120
35820
30720
56000
23900
43200
31920
50400
23940
62400
28800
42000
34560
39600
24000
78120
28010
36060
36000
42140
31920
48240
25200
52800
35520
43560
24120
61880
25600
38880
46080
47120
24180
53760
25200
55860
35100
41760
24240
61200
30380
36420
32400
42560
27840
65520
30240
51000
32480
36540
29280
67200
24380
38880
35360
55800
24420
54720
28000
47040
39360
36720
24480
72540
25600
53010
35200
42980
26880
49200
29520
46200
44800
36900
24600
70560
25920
36960
32880
60480
32400
53820
24680
43260
32960
50400
28320
62400
24740
37140
48360
43400
24780
57600
25840
59520
33120
39960
26880
67200
34560
41040
33200
46800
26400
60480
25920
50400
36140
39600
30000
71120
27360
37500
41040
54670
26040
54600
25040
47100
40320
43200
26400
67200
27160
45360
38720
48980
28800
50400
30240
47880
33600
37800
27600
93600
25220
41160
34840
44240
31620
50640
30480
50400
36660
51840
25320
59360
27000
43680
43920
47700
26400
57600
25400
53760
42560
40320
25440
66960
30600
40800
36920
55860
25500
66960
25520
54000
36480
38340
35520
65520
25580
38400
34160
61380
27720
59520
28080
44940
48000
38520
27360
64800
29440
46440
34320
45080
26880
65520
32240
59520
34400
38700
25800
73920
27000
38760
43680
54000
34560
51840
28000
45360
34560
54720
25920
76230
25940
38940
41760
50400
30780
52080
27360
65100
39910
39060
27600
71680
31320
39120
38400
50840
26100
70200
29920
45780
38080
39240
31440
66000
26180
51840
39200
55440
26220
57600
27280
53340
49920
42840
27360
67340
28800
47520
35120
57600
26340
52800
34560
46200
38220
39600
33600
89280
28000
39660
35280
46340
33180
68400
26480
49800
35360
50220
29040
70560
30400
39840
46800
52920
26580
53280
26600
67200
35520
43920
26640
74100
35280
42240
40960
50400
28440
64800
26720
52080
43680
46080
33480
62720
26780
43680
38400
61200
30720
58500
26840
52080
43200
43200
26880
81600
26900
48600
43680
47180
26940
54000
41040
50700
38400
43200
27000
86800
28120
46560
38880
56730
32520
60480
27080
47460
45760
48960
27120
68400
27140
43200
43680
54880
33600
59280
27200
68040
36320
40860
31200
63840
34100
43200
40800
57600
27300
80640
27320
47880
36480
41040
32880
80600
34560
42210
40320
57960
27420
54960
29680
60000
48360
41220
28560
64400
27500
56160
42240
55880
27540
65340
36000
52920
36800
47520
28800
86400
30240
41460
40040
48440
38400
55440
27680
53940
40320
50040
29520
87360
28800
44400
47120
52200
27780
55680
31840
58800
41600
45360
31920
75600
33480
48000
37200
52920
27900
74880
27920
52500
45600
46080
36960
65520
27980
42000
40560
76880
28020
56160
28040
49140
51840
44640
32160
84000
28630
50760
37520
53200
29400
65280
33840
61320
40820
42300
28200
80640
35840
45360
37680
53100
35340
61620
30960
57120
40320
51120
30000
74400
28340
46200
58080
49700
28380
63360
30240
64800
37920
51300
28440
72800
34200
42720
41440
56700
36480
74400
28520
53760
41340
42840
34320
86400
28580
42900
38160
70560
28620
64800
32800
55800
46080
43020
29760
67200
30400
60480
46800
54000
32940
57600
37440
50400
44160
43200
28800
99060
29920
47520
39720
58240
34680
63840
28880
57150
43200
55260
34200
67760
31680
43440
46560
56420
28980
74880
31360
65100
38720
43560
29040
79800
40320
43620
46800
50960
29100
70560
30240
70560
38880
46080
38880
76510
29180
43800
44800
66600
30720
58560
30400
55440
56420
57600
29280
76880
30600
52920
39120
51380
33600
63960
35280
55200
43200
47880
29400
95760
31320
44160
44000
61200
38400
59040
33760
57120
39360
55800
31920
81900
29540
50880
47520
51800
29580
64800
32400
70680
49920
44460
29640
78400
35640
44520
42240
64800
29700
86400
29720
52080
39680
44640
44640
80640
32200
44700
43160
63000
32640
69120
31600
56100
48000
44820
31200
76440
35340
60480
39920
66960
31080
60000
36000
60480
45980
45000
30000
93600
30020
48000
53760
52640
36120
65520
31360
60960
43200
63360
30120
70560
31680
49680
53040
63000
34560
60480
30200
63840
43200
45360
30240
99200
41230
48600
40400
53060
32760
73440
34720
57000
43940
47880
36480
80640
30380
54720
40560
75600
30420
71370
32400
53340
57600
45720
33360
76800
30500
57660
45600
61600
31680
61200
40320
59520
40800
50400
38400
98280
30620
45960
40880
57600
36840
71040
30680
58800
49920
55440
31920
81880
35200
48600
52080
53900
32760
72600
30800
86400
44800
48960
30840
72240
37080
46320
52000
60140
30900
74880
33840
54180
41280
60480
37200
85800
32800
46500
41360
69440
35520
69120
32400
61740
57600
46620
33600
85120
31100
56160
44640
58500
34080
67860
43200
58800
41600
46800
31200
104160
31220
53760
45240
60480
39060
62640
32400
64800
48000
56520
32640
84000
33880
47040
57600
72390
31380
62880
32560
66360
45500
47160
36000
79200
41040
55860
42000
55160
32640
96720
33120
61380
42080
50400
37920
73920
40320
47400
50960
72000
33000
69120
31640
63840
50880
47520
31680
98280
31700
57240
48640
60760
33600
66360
39680
59700
46020
54720
36840
90720
31820
50160
42480
62000
47880
72000
31880
55860
42560
64800
31920
96000
33280
47940
56160
60480
33600
70560
36640
79050
47040
48060
32040
81900
38520
55200
42800
60300
32100
77760
36600
62160
57600
48240
38640
84320
32180
48300
45600
80640
32220
70200
35280
67200
54560
48420
36960
75600
32300
64800
46800
64260
33480
82080
38880
56700
47040
48600
33600
108900
37120
48660
46080
56840
43200
65040
34560
74400
49530
65520
32520
76160
32540
48840
61440
68400
32580
70980
32600
68880
43520
56160
35280
91440
39240
51840
53200
61600
37440
79200
32720
61500
43680
49140
40920
101920
34200
54000
43760
78120
34920
65760
38760
57540
57720
51840
34800
82800
40320
69120
43920
57680
34200
74400
39600
65520
50560
52920
33000
104160
33020
53760
47840
72000
39720
72000
33080
57960
44160
59760
42240
96720
33140
49740
60480
58100
34560
76800
33200
75600
50820
54720
33240
77840
49600
49920
44400
71540
33300
88920
33320
71820
48960
50040
43200
84000
34560
50100
56160
70560
36120
66960
33440
74400
53760
57600
33480
89600
35640
63240
44720
63000
38400
73920
44640
58800
48620
53280
33600
120960
33620
51690
48000
60970
40440
84240
42560
63300
44960
60840
33720
78960
33740
58080
62400
65720
36960
67680
35200
76860
54720
54000
36000
93600
40680
50820
45200
74480
33900
82080
33920
68580
54600
50940
47040
79520
35200
51000
49920
83700
36000
87360
35280
63840
54720
55440
34080
89280
39040
69120
49400
59780
34140
68400
41040
74400
48960
51300
36960
109200
37440
54000
52480
68040
42780
68640
36000
60060
51200
72000
35520
100800
34340
55080
55200
60200
39360
74880
36400
81840
48640
51660
37680
94080
45360
51720
49920
64800
34500
89280
43200
60480
46080
56880
41520
102000
34580
67200
46160
73080
34620
69360
34640
65100
74880
52020
34680
85960
34700
62640
50400
79360
36480
75660
43400
67200
49600
54720
41040
108000
35410
52260
53240
66640
45360
80640
38160
69300
46560
63000
34920
89180
40000
52440
56160
72000
37800
77760
35000
87360
50700
56160
36480
91760
42120
52620
53760
61460
39900
100800
35120
66000
46880
60480
45600
82320
35180
52800
56160
91440
40320
70560
38080
61740
59520
55440
35280
111150
35300
63720
51840
61880
35340
76800
48960
78120
52800
55800
35400
100800
35420
69120
47280
66600
42600
77220
35480
62160
58560
66960
36720
95760
43200
53340
62400
71680
35580
71280
35600
81000
47520
57960
40800
101640
46080
53520
50400
69440
36960
103680
35720
67200
51740
53640
52080
90000
42180
53700
47760
75600
35820
78000
35840
81840
57600
59040
38160
94080
37240
64800
64000
67500
35940
72000
43200
67200
52800
61920
37200
124930
38920
54060
48080
68040
49920
72240
36080
75600
52260
68580
37920
98560
36140
58800
58080
71820
36180
81600
46080
76440
51840
54360
36240
91200
46800
64980
58240
63560
38400
95760
36320
70680
55680
57600
43680
92820
36380
58320
48560
100800
39840
72960
36440
63840
65580
54720
41760
101600
37800
68820
48720
70560
39480
93600
47520
68700
51840
57600
36600
104160
41920
54960
59280
71300
44040
80640
38800
73920
48960
66240
36720
108000
36740
60480
70680
64400
36780
73680
39760
90720
53300
63360
38400
86240
48960
58800
49200
69300
46080
98280
36920
70560
49280
55440
44400
119040
36980
56790
55200
82460
37020
74160
44240
69600
67200
59400
40560
94640
37100
77760
49520
76500
38400
74400
44640
65100
62400
65880
37200
115200
37830
55860
53280
79800
46500
87120
37280
72540
54720
67320
47040
87360
37340
56040
65520
70200
38760
86400
37400
90720
52800
56160
39600
114660
51840
56220
50000
65660
39360
93720
42560
81600
56000
56340
45120
87920
42980
56400
57600
89280
37620
93600
38880
65940
60480
64800
37680
94800
37700
75600
54600
70560
48000
82080
47120
76200
50400
56700
37800
134400
40000
59520
54880
79200
45480
75840
43360
66360
54860
68400
40320
99200
37940
65280
69120
72520
37980
82680
39600
93000
58240
57060
38040
89040
45720
62640
58080
90720
41160
92160
39520
66780
53760
57240
52800
105300
41760
60480
54400
80640
38220
95760
38240
74400
72540
57420
39600
100800
43840
69120
51120
72000
38340
86400
50400
77280
51200
61200
42000
122640
40320
61560
64480
69510
46200
77040
38480
79800
51360
89280
38520
98280
38540
60480
61920
75020
48000
77280
41040
81480
67200
57960
38640
115200
46440
58020
51600
67760
39960
102960
45600
83790
51680
63000
49920
100800
38780
66720
56160
88200
38820
77760
42480
68040
72960
61200
43920
112840
38900
70200
51920
78400
41400
86400
50400
73200
56420
58500
44640
121520
40320
58560
52080
78740
51840
99840
39080
68460
52160
77760
39120
98400
49280
62400
72000
75600
39180
78480
39200
106020
52320
61560
39240
100100
48980
63840
69120
73800
39300
95040
39320
68880
62400
67680
47280
105840
40960
64800
57120
83160
45120
88800
39440
81000
63360
59220
39480
107520
43200
74400
57200
86800
40800
79200
54720
73920
52800
59400
41040
140400
42120
68160
52880
69440
52080
79440
39680
81600
68970
71640
45720
92960
41400
59640
66960
86400
41160
98280
41760
84000
53120
65520
45600
104160
47880
59820
57720
69860
39900
115200
43120
75000
58560
59940
51840
106400
45760
60000
56320
98280
40020
86400
40040
94080
70200
60120
40080
100800
42400
72360
61440
75600
40140
87360
53280
78120
58240
71820
40200
114240
40220
60360
60000
75600
59520
89280
40280
75600
57600
80640
42000
132080
41800
60540
64800
70700
44160
80880
46240
91800
58500
63360
43680
94640
48600
73680
57600
89280
40500
112530
40520
70980
62080
60840
48720
109800
40580
60900
65520
100800
42240
81360
43200
80640
65280
64800
47880
103740
43960
82080
57600
76500
40740
94080
50840
71400
60800
61200
40800
133920
51840
66360
54480
71540
52800
88920
42160
88800
57600
73800
40920
107520
40940
64800
87360
81910
43560
82080
41000
91140
54720
70560
44880
120000
49320
61620
56280
78400
47040
99360
41120
79980
59540
71820
49440
112000
43200
64800
54960
93600
44520
89700
51200
72240
74880
61920
41280
110880
41300
86400
65520
72380
41340
90720
49680
86400
63360
62100
41400
131040
42840
66000
55280
94240
49800
83040
50400
78120
60060
78120
47520
104400
41540
65280
66720
72800
41580
115200
41600
106680
59200
62460
43680
97440
61560
62520
60320
78300
45600
100800
43120
84000
60480
62640
52080
120900
41780
62700
64000
100800
43320
90720
43200
78600
76800
80640
43200
98000
43200
75600
61440
83160
48000
91260
50400
73500
56000
63000
50400
148800
42020
69120
60840
73640
52260
84240
48160
81840
59520
75960
42120
118580
46080
75240
67680
86400
42180
91200
42200
89040
70720
63360
43680
122400
56730
63420
56400
85120
42300
112320
42320
82950
60480
66600
63840
99120
44800
68880
63200
100440
42420
97920
42440
74340
68160
69840
44160
117000
48640
84240
61600
74480
42540
85200
54720
100800
68640
63900
42600
120960
42620
63960
68400
88200
51240
96000
45360
82320
56960
89280
42720
111600
42740
64140
80600
74900
53760
92160
46800
97200
57120
64260
42840
131040
51480
64320
57200
86360
42900
120960
49120
79800
65340
68400
51600
108000
42980
73920
57360
95480
51840
93600
46480
83700
80640
64620
44400
100800
44800
77760
62400
102600
45600
86400
51840
82320
57600
69120
49440
151200
45000
64860
63360
80640
53940
99840
43280
81300
69160
78120
44640
106680
49600
71280
73680
84320
43380
94380
43400
107520
57920
70560
44880
109200
57600
68040
76800
76160
43500
111600
46000
91980
58080
74880
57120
121030
43580
65400
58160
99000
51300
87360
43640
76440
76440
68400
47760
138880
46440
86400
61440
76580
43740
98400
62480
82200
58400
72000
45600
124320
47320
75360
63440
86940
52680
95040
45360
76860
76800
79200
43920
120900
46080
71400
70560
88480
43980
88080
45360
115320
65600
69120
54720
103040
52920
66120
63840
90000
44100
133380
48240
77280
58880
66240
53040
121920
50560
67710
63960
105840
44220
97920
44240
96000
74400
66420
46800
117600
45760
79920
67840
86180
53760
88800
53280
77700
70200
76320
46560
136800
44420
66660
59280
85680
61440
109200
44480
88200
59360
83700
44520
120960
45880
71280
87120
83700
44580
89280
56000
94080
59520
70560
44640
128960
57600
86400
59600
78260
46200
108000
47520
92400
74880
67140
55800
104720
50540
67200
59760
122400
44820
100800
44840
84000
80640
67320
51360
129600
45570
81000
65000
78680
44940
103680
57600
87420
60000
73080
49200
141960
51520
67560
64000
84600
58320
90240
45080
95760
67200
90720
48720
120960
45140
70680
84480
79100
45180
98280
45200
102600
66240
86400
45240
117600
56420
71040
65520
88040
51840
109440
47520
87360
60480
68040
54480
145200
49000
68100
64800
95760
48000
90960
57600
91440
79560
68220
45480
106400
45500
104160
63840
85500
47400
112320
54720
85680
72960
71280
47040
148800
45620
68460
73200
91840
60480
91440
45680
85800
60960
82440
52320
116480
48600
68640
76880
105840
48000
105600
48400
96600
66300
72000
45840
115200
63360
68820
67200
85120
49560
129600
45920
104160
61280
68940
55200
107520
45980
79800
76960
111600
47520
100800
46040
80640
73920
82080
48960
132990
50400
83160
64800
80780
52800
92400
60480
86700
72800
69300
48000
161280
46220
69360
65280
95170
59280
100620
52960
88200
61760
83520
50640
116400
47880
79680
81120
86800
46380
92880
46400
113400
80640
76320
46440
123200
55800
73440
62000
100800
46500
119040
46520
81480
74880
75600
68400
121520
46580
74520
62160
98280
48000
118560
46640
97200
74880
70020
50400
109200
57600
84240
69600
93980
46740
100800
66960
94080
62400
70200
46800
163800
48640
70260
71680
82040
56280
103680
48400
91140
67860
97920
46920
120960
53340
70440
75360
88200
59520
108900
48640
104160
62720
70560
47040
143640
56520
76440
68120
90720
50040
113760
53920
96000
62880
70740
60480
120120
48600
81120
74480
111600
47220
94560
47240
82740
99200
75600
49200
118800
47300
95040
67200
102480
47340
102960
56880
96900
63200
74880
54240
134400
51840
71160
74880
89100
62160
109440
48960
83160
63360
93600
47520
148800
55860
71340
76320
88200
48960
104160
47600
129600
71890
71460
52080
111440
57240
71520
72960
94500
50400
126360
51520
83580
66880
92160
59520
120000
50760
71700
72600
100800
54720
95760
47840
104160
86400
71820
47880
145600
47900
86400
63920
90000
47940
103680
66240
92400
76440
72000
48000
157480
48020
84030
64080
84140
59580
108000
57600
90300
73600
95760
51120
112560
48140
75600
84240
109120
48180
106560
49600
101640
64320
72360
60480
132600
60140
76800
64400
90720
52800
138240
48320
95760
72000
72540
58080
125440
55360
75600
64560
119700
49920
105300
50400
97440
86400
72720
50160
126480
52360
91140
88920
84980
50880
97200
58320
91200
64800
83520
50160
152880
48620
90720
64880
102200
67200
97440
50560
85260
70460
87840
48720
144000
53280
73140
87360
90720
48780
106080
60480
115320
65120
73260
51600
127680
58680
84000
72800
100800
48900
118080
50320
85680
74880
73440
64800
147420
50400
76800
69120
123690
54900
105600
49040
92100
85800
80640
56160
114800
49100
88560
65520
95480
52200
134400
59040
86100
72000
73800
49200
151200
60800
77760
71240
86240
61380
98640
53200
121920
69120
97200
49320
125580
49340
74040
92160
92700
49380
98880
54000
117600
75020
84960
49440
128960
63360
74220
70560
86660
58140
145080
49520
93000
71680
74340
59520
134400
49580
77520
78000
120960
55860
99360
56800
93240
79680
80640
49680
144000
49700
103680
66320
95760
49740
99600
62000
96720
83200
79200
53760
141120
52920
77760
72960
108000
59880
108420
49880
92400
66560
90000
61440
142800
49940
82080
91200
87500
52800
123120
50000
117150
66720
78120
50040
127400
80640
75120
66800
97340
50100
120960
50120
100800
72540
79200
64800
144000
52200
81480
76800
105840
50220
116160
50240
99540
84320
86400
54960
117600
51840
90720
80080
102600
57600
100800
64800
88200
71040
82800
50400
193440
51130
75660
68920
96040
60600
104520
59280
94800
86400
94860
50520
118160
52480
91440
81120
101600
54600
109980
50600
120960
77440
75960
52080
127200
60840
81000
73320
101920
52440
131760
55440
98580
72000
79200
74400
134400
50780
76200
67760
115200
50820
127680
60480
94080
88920
76320
50880
136080
58240
91800
67920
95200
55680
110760
61200
119700
68000
76500
51000
156240
51020
76560
87440
111600
61320
109440
51080
89460
73920
106560
54000
140400
51140
76740
92160
89600
63360
102480
51200
122820
74100
83160
52800
138880
65520
84240
68400
96300
53760
144000
58720
89880
72000
82080
67200
133920
56160
88320
74360
108360
52920
102960
53200
96600
96000
80640
51480
152880
54400
96720
73440
120960
51540
103200
61920
90300
76800
77400
65280
158400
55720
81000
68880
90440
62040
131040
51680
111600
68960
103680
51720
120960
59200
84000
96720
97200
53760
103680
51800
127680
75840
77760
53280
153670
66960
77820
89600
90860
51900
125280
54000
108000
75140
92340
62400
121520
51980
82080
69360
134540
59520
119730
58520
91140
83520
82800
53760
153600
52100
93960
77600
91280
56280
115200
72000
103320
72960
78300
55440
163800
54720
89760
69680
98100
74400
114240
52280
91560
87360
94320
52320
136400
52340
78540
84000
120960
52380
117600
58560
118800
69920
78660
61560
134400
63000
81840
84240
107100
54600
149760
54000
99960
74880
82080
63120
144300
60160
86400
70160
110880
52620
105360
55600
119040
101640
79020
55200
123200
57600
103680
80640
99000
52740
114660
65720
92400
70400
100800
52800
181440
52820
84000
76440
92540
72960
105840
56160
99300
73920
99540
63840
159600
54400
79440
84960
102920
52980
106080
60640
117180
83200
87120
53040
151200
63720
91200
74400
92960
53100
140400
54720
106680
92160
79740
63840
124320
57400
79800
79200
144000
56520
106560
53240
102480
89280
79920
60960
153140
54030
105840
71120
98560
53340
122880
70560
108000
77220
85320
56400
151200
62700
80160
77280
105840
64200
131040
53480
107520
71360
100440
53520
134400
55080
80340
112320
101920
58560
115200
56160
126480
71520
92160
55680
136500
68400
80520
71600
111600
67200
129600
55440
100800
80000
80640
68640
163520
56800
80700
78720
113400
53820
131040
61600
101100
86400
80820
53880
126000
57240
123120
78000
104780
53940
115200
70560
100800
82560
81000
54000
186000
59040
84360
72080
108640
69120
116640
54080
115290
78260
97560
61920
141120
54140
81240
91440
101700
54180
137280
54200
114240
78400
81360
64800
141360
79360
81420
82280
100800
55800
131040
54320
117600
72480
100800
65280
138320
54380
81600
86640
137160
54420
108960
54440
95340
103740
93600
58800
136800
54500
102300
76800
100800
67200
122400
65520
119040
77760
81900
56160
188160
56320
81960
79040
102600
65640
109440
69120
95760
72960
98640
54720
163800
59080
103680
91760
98490
54780
120960
54800
124200
96000
82260
54840
128240
65880
89040
76800
124000
60000
145080
61400
96180
73280
85680
75840
138000
57600
82500
87360
131040
55020
126720
55040
112200
88320
82620
55080
152460
63040
108000
80640
113400
57000
110400
66240
110880
79820
86400
55200
178560
55220
90720
84480
96740
78120
120120
55280
103800
78400
115200
55320
129360
60480
83040
100800
109620
64980
120960
57600
116760
73920
88560
58080
187200
66600
86400
75720
103600
57600
141360
69440
107880
80340
83340
73440
129920
55580
95520
79200
126000
57120
124800
55640
105840
103680
95760
58800
152400
55700
100440
80600
112000
55740
111600
69440
113400
87840
83700
63840
174720
55820
83760
74480
108500
67080
136800
57760
107520
87360
110880
55920
140400
69120
83940
89760
98000
58200
121680
61200
156240
74720
84060
60480
131040
72000
84120
93600
105300
57600
155520
58240
104160
74880
96480
67440
173600
57960
85890
74960
118440
71040
112560
56240
114000
101530
88200
59760
152320
60760
101520
75120
122760
58080
122460
82080
98700
75200
84600
56400
172800
56420
107520
96000
105840
67800
113040
56480
109740
86400
106020
56520
143780
56540
92880
100800
122400
56580
120960
56600
119280
88920
90000
64800
151200
74880
85020
75600
107800
56700
174240
58320
106500
79360
85140
70680
147840
64960
90720
82160
133920
67200
113760
56840
119700
91200
85320
63840
156000
56900
102600
87040
99680
56940
124320
73440
114300
84800
109440
58800
173600
57020
85560
76080
115200
78720
124020
61600
99960
83520
102960
57120
178560
59400
85740
99840
100100
57180
114480
70400
151200
76320
85860
58800
151200
71300
98400
80640
113400
60840
138240
62640
100380
103740
89280
72960
144000
57380
91200
76560
141120
57420
140400
57440
111600
92160
98820
65760
134400
57500
112320
87120
108000
62880
132480
69120
100800
81600
86400
62160
198900
65920
89760
82080
110880
69240
119160
59200
124800
83460
104040
60000
148960
60480
86640
119040
118110
59400
129600
57800
128940
80640
102600
57840
145200
75600
95040
83720
101360
66240
139680
57920
114660
77280
86940
74400
174720
69120
94080
77360
139500
58020
116160
66400
101640
105600
87120
58080
164920
60040
120960
84000
101780
58140
140400
69840
109200
88960
87300
66360
164640
58220
90720
84240
142240
72540
116640
58280
107520
81600
116640
72000
163950
61600
87540
93600
102200
63000
134400
58400
137640
93600
92160
58440
136640
80640
91200
78000
118800
58500
169260
58520
134400
78080
87840
70320
156240
58580
91800
102400
123480
58620
117360
70560
110100
103680
100800
58680
149240
58700
105840
83200
114080
67200
129600
74880
111720
85020
88200
58800
205200
58820
93960
82080
103040
77760
132000
69680
122640
85120
115200
60720
137760
60480
101280
102960
122400
58980
118080
62640
130200
90240
95760
59040
169260
70920
88620
86400
118720
62400
142560
61920
111000
89540
88740
87840
151200
60760
97200
78960
143640
61440
149760
59240
103740
99200
88920
59280
168000
75810
106920
85800
103880
63000
126720
71280
133920
79200
89100
59400
201600
64120
89160
90880
111600
75600
119040
62800
104160
86060
133920
65040
162560
59540
96600
95520
104300
72960
129480
61200
135000
79520
97920
61200
161280
71640
94800
100800
115940
61440
144000
68320
104580
87360
93600
74400
163800
61600
106020
79760
141120
59820
119760
62080
136080
124800
93240
59880
140000
61560
108000
79920
129600
64680
137940
79200
105000
80000
90000
68640
193440
63720
90060
93600
112000
72120
161280
60080
112800
80160
108360
60120
152880
68800
94080
96480
122400
65760
129600
64960
147840
89600
90360
63600
151200
75020
95040
95760
115920
60300
159120
62320
130200
80480
103680
77760
141120
60380
90600
96720
136800
69120
129600
60440
105840
107520
90720
60480
201600
63360
123690
80720
113400
60540
121200
83520
113700
87620
98280
62160
171360
72000
104160
84480
117800
72840
131820
60680
111720
98240
109440
65520
172800
60740
91140
112840
127680
62400
121680
60800
152400
81120
91260
76800
166530
73080
97200
81200
114300
60900
172800
60920
106680
88140
100080
77760
158720
76160
91500
86400
134540
61020
136800
64800
132000
109440
95040
63360
142800
63000
120960
101920
120960
61140
122400
73440
117600
81600
115200
63600
210600
61220
91860
88480
107240
88920
122640
66960
119040
91200
110520
61320
165760
61340
92040
98400
126000
68580
149760
70240
129360
86400
95760
61440
163800
73800
105600
88920
113400
73920
156240
61520
115500
94080
98280
73920
169400
63360
92400
82160
178560
63240
134400
61640
114240
107640
92520
70560
154800
64000
111240
95760
108080
61740
156000
86800
122220
86400
92700
63840
174720
70720
101520
92000
116100
74280
123840
64800
141120
82560
111600
63840
177320
67680
98400
115200
108500
61980
124080
62000
148800
98280
106560
62040
161280
79920
97200
82800
124460
71040
172800
62120
108780
88000
100800
82080
182400
62180
93300
89960
131040
62220
133920
72960
120900
104160
102240
67200
158340
62300
129600
87040
126000
65280
124800
79200
109200
116160
93600
66240
211680
63210
93660
83280
125440
75000
135720
62480
129600
83360
117180
76800
146160
69540
97200
109200
133920
62580
144000
68400
131880
83520
97920
62640
180000
86400
101640
83600
109760
62700
172800
62720
145350
98280
94140
78120
146720
62780
97680
107520
142200
68640
136500
64480
110040
100800
108000
62880
163680
66400
123120
93600
130340
76800
126000
75600
118200
84000
97920
63000
225680
63020
99360
92160
124740
82320
126240
77760
117600
91260
113760
63120
158400
64800
120960
101280
110600
63180
152880
64800
148800
100320
99000
63240
161280
89280
94920
98800
136800
63300
152640
68320
110880
84480
95040
87360
198120
63380
95100
84560
133560
67320
145920
63440
130200
115200
100800
69360
154840
72640
119040
88800
123380
63540
138060
80640
127680
91840
110520
63600
194400
63620
95460
106080
117040
81600
127440
63680
126000
93120
143640
66720
168000
63740
95640
112320
119700
72960
127680
63800
151200
92300
95760
68880
198400
76680
99840
85200
111860
63900
168480
80640
129600
85280
100800
76800
164640
63980
109920
96800
158410
66120
141120
67600
112140
119040
96120
66000
175500
75600
115560
85520
128800
71820
128400
77040
124620
99840
96300
75240
181440
64220
109800
85680
133200
79980
172800
64280
112560
85760
115920
66000
171360
73600
96540
131040
112700
66360
136800
66240
172800
91200
96660
68400
163800
77400
105840
98560
138880
64500
163680
64520
112980
96000
110880
77520
162000
70560
96900
86160
151200
80640
140400
67680
129540
103680
100440
67200
191520
64700
116640
93600
121500
64740
141120
94240
113400
92160
100800
76800
225060
64820
111360
86480
113540
77880
138240
70000
121800
108160
129600
64920
151760
66880
103680
104160
151200
66600
148590
66640
152880
95040
97560
74400
163200
78120
97620
96800
113960
68160
184320
69120
141360
94080
97740
78240
165620
80000
97800
90720
147600
65220
130560
71280
131040
120900
105840
66960
183600
65300
117720
99840
120960
67200
159600
78480
132000
87200
112320
70560
184800
67840
98160
94640
127100
103680
131040
65480
114660
91200
122760
65520
218400
65540
102600
115200
126000
67200
131280
75040
158760
98410
104760
65640
153440
85680
116280
96000
123300
65700
173160
65720
120960
100480
104400
81840
171120
65780
120960
102960
161280
65820
131760
68400
123600
105600
102600
75360
173600
72000
118800
95200
132080
69600
151680
79200
123480
95420
99000
66000
223200
80640
99060
92160
125440
79320
143520
66080
148800
88160
119160
72240
168000
70200
99240
136800
124200
71400
132480
66200
139440
88320
126720
68400
196560
84240
99420
90280
116060
75840
181440
70000
124500
106080
103680
79680
179200
66380
99600
88560
156240
69000
152460
82880
127680
106560
99720
73680
166800
68200
148800
96200
116480
66540
133200
87840
143220
101760
99900
66600
207480
66620
99960
88880
153900
84480
146880
68400
116760
112000
129600
76320
173600
66740
103680
111600
116900
72960
168480
66800
151200
95040
108360
68880
156240
92160
100320
96720
151200
66900
161280
66920
134400
94080
100440
87360
192000
69160
106920
115200
147560
67020
134160
67040
130200
117000
115200
70800
172480
67100
133920
89520
126000
78660
145860
86400
124320
89600
100800
67200
243840
80640
100860
101640
120610
83700
144000
79440
130650
89760
121320
69120
196560
67340
127680
108000
130820
67380
134880
70560
141960
112320
101160
73680
169200
86400
101220
97440
135520
71640
187200
69520
133560
90080
110880
93120
157920
70200
105600
97760
164700
67620
164160
67640
126000
120960
108000
69360
193440
77440
122040
94240
118580
73080
135600
84320
159600
100800
101700
67800
191520
67820
101760
115200
137700
86400
163800
74160
118860
94720
141120
67920
170400
67940
105600
118560
119000
77760
149760
73360
172980
90720
108000
68040
203840
81720
105840
90800
136800
74400
164160
79800
129360
98540
102240
86400
181440
72360
117120
90960
161280
72000
148200
68240
128100
138880
102420
68280
159600
68300
123120
115200
153760
68340
146880
82080
119700
95040
110880
78240
234000
68420
112320
91280
126000
84420
157440
70560
137160
99060
128340
80640
160160
86400
108000
109920
128700
68580
153600
72400
168000
91520
106560
68640
208320
82440
103020
114400
128520
68700
165600
68720
129000
96000
